Basic:
1) 0.04887580871582031, 13068
2) 0.48542022705078125, 13348
3) 1.9197463989257812, 13380
4) 7.677793502807617, 13580
5) 15.489339828491211, 14320
6) 27.685880661010742, 14636
7) 61.42687797546387, 14676
8) 116.17064476013184, 15392
9) 202.622652053833, 16168
10) 292.6208972930908, 19268
11) 568.9995288848877, 22896
12) 883.0194473266602, 27984
13) 1343.4312343597412, 33112
14) 1499.337911605835, 42432
15) 2161.1313819885254, 45616

Efficient:
1) 0.1270771026611328, 13492
2) 1.0993480682373047, 13324
3) 3.9033889770507812, 13608
4) 13.79537582397461, 13604
5) 30.308008193969727, 13308
6) 55.26399612426758, 13504
7) 124.50313568115234, 13480
8) 219.82693672180176, 13572
9) 331.03156089782715, 13472
10) 491.49489402770996, 13840
11) 876.6806125640869, 13860
12) 1404.207706451416, 13716
13) 2109.680414199829, 13800
14) 2812.703847885132, 13644
15) 3413.3551120758057, 13572